linear, input 365, output 10

Example: 1
MAE
4.18 6.37 6.67 8.65 7.80 7.82 9.31 9.66 9.68 8.93 CORRELATION
0.86 0.56 0.40 0.28 0.25 0.20 0.12 0.13 -0.03 -0.06 
Example: 2
MAE
5.52 7.17 7.35 7.19 8.80 8.32 8.07 9.40 8.85 8.68 CORRELATION
0.82 0.64 0.49 0.50 0.30 0.07 -0.06 -0.16 -0.03 -0.07 
Example: 3
MAE
5.16 7.63 8.85 8.96 8.88 10.78 10.02 9.11 9.13 9.40 CORRELATION
0.84 0.71 0.62 0.40 0.29 0.17 0.07 0.03 0.01 0.05 
Example: 4
MAE
4.32 5.63 7.73 7.73 7.71 7.62 8.09 7.53 8.65 10.30 CORRELATION
0.82 0.60 0.54 0.54 0.38 0.25 0.07 -0.05 -0.06 -0.13 

